2 2 2 2 2 2 2 2 2 2 2 2 2 2 2 2 2 2 2 2 2 2 2 2 2 2 2 2 2 2 2 2 2 2 2 2 2 2 2 2 2 2 2 2 2 2 2 2 2 2
2 A B C D E 0 0 0 0 0 0 0 0 0 0 0 0 0 0 0 0 0 0 0 0 0 0 0 0 0 0 0 0 0 0 0 0 0 0 0 0 9 0 0 0 0 0 0 2
2 1 1 1 1 1 1 3 3 4 0 0 0 0 0 0 0 0 0 0 0 0 0 0 0 0 0 0 0 0 0 0 0 0 0 0 0 0 0 0 4 3 3 3 3 3 0 0 0 2
2 0 0 0 0 0 0 0 0 4 0 0 0 0 0 0 0 8 8 8 0 0 0 0 8 8 8 0 0 0 0 0 0 0 0 0 0 0 0 0 4 0 0 0 0 0 0 0 0 2
2 0 0 0 0 0 0 0 0 4 0 0 0 9 0 0 0 0 0 0 0 0 0 0 0 0 0 0 0 0 0 0 9 0 0 0 0 0 0 0 4 0 0 0 0 0 0 0 0 2
2 0 0 0 9 0 0 0 0 4 0 4 3 3 3 3 0 0 0 0 0 0 0 0 0 0 0 0 0 4 3 3 3 3 4 0 0 0 0 0 4 0 0 0 0 0 0 0 0 2
2 0 0 4 2 3 0 0 0 4 0 4 0 0 0 0 0 0 0 0 0 0 0 0 0 0 0 0 0 4 0 0 0 0 4 0 0 0 0 0 4 0 0 0 0 0 0 0 0 2
2 0 0 4 0 0 0 0 0 4 0 4 0 0 0 0 0 0 0 4 3 3 3 4 0 0 0 0 0 4 0 0 0 0 4 0 0 0 0 0 3 3 3 3 4 0 0 0 0 2
2 0 0 4 0 0 0 0 0 3 3 3 0 0 0 0 0 0 0 4 0 0 0 4 0 0 0 0 0 3 3 3 0 0 4 0 0 0 0 0 0 0 0 0 4 0 0 0 0 2
2 0 0 4 0 0 0 0 0 0 0 0 0 0 0 0 0 0 0 4 0 6 0 4 0 0 0 0 0 0 0 0 0 0 4 0 0 0 0 0 0 0 0 0 4 0 0 0 0 2
2 1 1 1 1 1 0 0 0 0 0 0 0 0 0 0 0 0 0 1 1 1 1 1 0 0 0 0 0 0 0 0 0 0 1 1 1 1 1 0 0 0 0 0 1 1 1 1 0 2
2 2 2 2 2 2 0 0 0 0 0 0 0 0 0 0 0 0 0 2 2 2 2 2 0 0 0 0 0 0 0 0 0 0 2 2 2 2 2 0 0 0 0 0 2 2 2 2 0 2
2 2 2 2 2 2 F F F F F F F F F F F F F 2 2 2 2 2 F F F F F F F F F F 2 2 2 2 2 F F F F 2 2 2 2 F F 2
1 1 1 1 1 1 1 1 1 1 1 1 1 1 1 1 1 1 1 1 1 1 1 1 1 1 1 1 1 1 1 1 1 1 1 1 1 1 1 1 1 1 1 1 1 1 1 1 1 1